# Satisfiable for k = 170
150
103 143
59 119
84 148
1 40
4 137
18 44
46 66
99 136
76 79
41 143
12 52
95 123
22 117
29 68
61 109
58 122
42 105
37 63
133 134
11 44
7 37
72 93
42 68
17 78
12 91
20 104
11 16
76 136
15 53
35 65
74 84
72 141
96 108
117 149
93 136
92 138
12 93
29 109
54 108
48 122
5 142
51 84
15 119
23 47
63 120
97 115
69 145
41 92
10 22
59 116
52 110
119 139
45 135
28 64
34 80
102 132
92 131
83 128
84 93
2 54
123 127
38 123
92 103
43 82
62 117
35 78
7 80
51 107
12 70
66 105
14 67
22 135
22 25
30 127
21 27
85 127
104 116
96 133
69 94
36 91
15 123
7 119
62 137
11 98
63 81
5 57
36 127
38 91
4 77
95 97
85 129
13 119
114 119
53 100
44 67
61 147
73 112
42 143
33 85
11 82
91 102
13 146
73 139
57 88
91 120
5 114
28 116
102 120
20 23
58 126
12 138
77 148
127 140
24 130
91 95
53 56
7 68
27 101
48 133
37 57
48 87
7 25
50 124
62 98
36 143
43 72
118 139
72 117
89 103
34 45
9 25
22 107
68 74
24 141
66 86
20 64
94 102
14 112
38 79
5 109
26 86
9 116
69 75
50 135
4 28
43 129
127 135
54 96
64 106
47 108
39 134
63 144
32 104
142 147
43 122
10 64
17 134
18 111
44 75
113 129
30 140
46 124
40 53
114 121
14 98
2 133
9 93
32 33
51 101
97 141
12 137
59 124
26 44
69 79
88 114
119 147
18 40
30 133
105 148
37 93
63 130
70 117
38 94
25 39
101 104
80 136
98 117
42 64
124 136
30 126
108 128
39 104
30 135
9 15
92 95
39 67
20 63
12 114
104 133
132 149
